q << M_PI / 4, 0, -M_PI / 8, -M_PI / 8, M_PI / 10, 0, -M_PI / 6;
qd << -M_PI / 8, -M_PI / 8, -M_PI / 8, -M_PI / 8, -M_PI / 8, -M_PI / 8, -M_PI / 8;


FK: 0
1 0 0 0
0 1 0 0
0 0 1 0
0 0 0 1

FK: 1
 0.707107 -0.707107         0         0
 0.707107  0.707107         0         0
        0         0         1      0.08
        0         0         0         1

FK: 2
 3.46256e-12    -0.707107    -0.707107    0.0219203
 3.46223e-12    -0.707107     0.707107     0.092631
          -1 -4.89658e-12 -2.22045e-16        0.317
           0            0            0            1

FK: 3
   0.270598   -0.653281    0.707107   0.0201525
  -0.270598    0.653281    0.707107    0.292389
   -0.92388   -0.382683 4.89631e-12       0.317
          0           0           0           1

FK: 4
 0.520598 -0.549728 -0.653281  0.231438
0.0205981 -0.756835  0.653281  0.448799
-0.853553 -0.353553 -0.382683  0.333073
        0         0         0         1

FK: 5
 0.293243 -0.782181  0.549728  0.382794
 0.221465  0.614942  0.756835  0.460763
-0.930033 -0.100191  0.353553  0.425676
        0         0         0         1

FK: 6
 0.293243 -0.549728 -0.782181  0.509722
 0.221465 -0.756835  0.614942  0.687956
-0.930033 -0.353553 -0.100191  0.519798
        0         0         0         1

FK: 7
-0.727409  0.410697   0.54973  0.487828
 0.225628 -0.613425  0.756836  0.835961
 0.648049  0.674564  0.353547  0.548138
        0         0         0         1

FK: 8
 0.410697  0.727409   0.54973  0.501297
-0.613425 -0.225628  0.756836  0.854503
 0.674565 -0.648049  0.353547    0.5568
        0         0         0         1


COM TRANSLATION:
0.00947311  0.0249856    0.22363
-0.0245437   0.177011   0.320085
0.125926 0.378694 0.322876
0.299356  0.41499  0.37932
0.450563  0.56608 0.474149
 0.46477 0.754236 0.514834
0.488635 0.826942 0.552171


JACOBIAN:
   -0.854503     0.169564     0.169564     0.301414   -0.0399692    0.0394411  1.99493e-17
    0.501297     0.169564    -0.169564    0.0428867   -0.0301856    0.0297869  -1.9082e-17
           0    -0.877695    0.0572549    -0.441333     0.126764     -0.12509  1.04083e-17
           0    -0.707107     0.707107    -0.653281     0.549728    -0.782181      0.54973
           0     0.707107     0.707107     0.653281     0.756835     0.614942     0.756836
           1 -5.55112e-17  4.89658e-12    -0.382683     0.353553    -0.100191     0.353547


COM JACOBIAN:
-0.0249856          0          0          0          0          0          0
0.00947311          0          0          0          0          0          0
         0          0          0          0          0          0          0
         0          0          0          0          0          0          0
         0          0          0          0          0          0          0
         1          0          0          0          0          0          0

   -0.177011   0.00218135            0            0            0            0            0
  -0.0245437   0.00218135            0            0            0            0            0
           0    -0.026811            0            0            0            0            0
           0    -0.707107            0            0            0            0            0
           0     0.707107            0            0            0            0            0
           1 -5.55112e-17            0            0            0            0            0

   -0.378694   0.00415485   0.00415485            0            0            0            0
    0.125926   0.00415485  -0.00415485            0            0            0            0
           0     -0.27582   -0.0137663            0            0            0            0
           0    -0.707107     0.707107            0            0            0            0
           0     0.707107     0.707107            0            0            0            0
           1 -5.55112e-17  4.89658e-12            0            0            0            0

    -0.41499    0.0440672    0.0440672    0.0172749            0            0            0
    0.299356    0.0440672   -0.0440672   0.00422183            0            0            0
           0    -0.424119    -0.110734    -0.022283            0            0            0
           0    -0.707107     0.707107    -0.653281            0            0            0
           0     0.707107     0.707107     0.653281            0            0            0
           1 -5.55112e-17  4.89658e-12    -0.382683            0            0            0

    -0.56608     0.111121     0.111121     0.137044 -0.000549464            0            0
    0.450563     0.111121    -0.111121   0.00830709  -0.00268693            0            0
           0    -0.637875    -0.110817    -0.219768   0.00660612            0            0
           0    -0.707107     0.707107    -0.653281     0.549728            0            0
           0     0.707107     0.707107     0.653281     0.756835            0            0
           1 -5.55112e-17  4.89658e-12    -0.382683     0.353553            0            0

   -0.754236      0.13989      0.13989     0.235627   -0.0362807   0.00358833            0
     0.46477      0.13989     -0.13989    0.0294489   -0.0200296  0.000621297            0
           0    -0.780967     0.012183    -0.351968    0.0992879   -0.0242004            0
           0    -0.707107     0.707107    -0.653281     0.549728    -0.782181            0
           0     0.707107     0.707107     0.653281     0.756835     0.614942            0
           1 -5.55112e-17  4.89658e-12    -0.382683     0.353553    -0.100191            0

   -0.826942     0.166291     0.166291     0.287842   -0.0337284     0.033833   0.00624062
    0.488635     0.166291    -0.166291     0.044708   -0.0321175    0.0274347  -0.00193179
           0    -0.849253    0.0467196    -0.415056     0.121195   -0.0957453  -0.00556817
           0    -0.707107     0.707107    -0.653281     0.549728    -0.782181      0.54973
           0     0.707107     0.707107     0.653281     0.756835     0.614942     0.756836
           1 -5.55112e-17  4.89658e-12    -0.382683     0.353553    -0.100191     0.353547


PARTIAL JACOBIAN:

  -0.501297   -0.169564    0.169564  -0.0428867   0.0301856  -0.0297869  1.9082e-17
  -0.854503    0.169564    0.169564    0.301414  -0.0399692   0.0394411 1.99493e-17
          0           0          -0           0           0           0          -0
          0   -0.707107   -0.707107   -0.653281   -0.756835   -0.614942   -0.756836
          0   -0.707107    0.707107   -0.653281    0.549728   -0.782181     0.54973
          0           0           0           0           0           0           0

   -0.169564    -0.620624    0.0404853     -0.31207    0.0896353   -0.0884517  7.35981e-18
    0.169564    -0.620624    0.0404853     -0.31207    0.0896353   -0.0884517  7.35981e-18
           0      -0.2398 -8.93868e-13    -0.243457    0.0496069   -0.0489516 -6.13317e-19
           0            0  3.46245e-12    -0.270598         0.25   -0.0708458     0.249995
           0            0  3.46237e-12    -0.270598         0.25   -0.0708458     0.249995
           0            0           -1 -2.24665e-12     -0.92388     0.118256    -0.923882

    0.169564    0.0404853    0.0404853     -0.31207    0.0896353   -0.0884517  7.35981e-18
    0.169564    0.0404853   -0.0404853      0.31207   -0.0896353    0.0884517 -7.35981e-18
          -0 -8.93868e-13      -0.2398    -0.182806   0.00691805  -0.00682654 -2.75993e-17
           0            0            0    -0.270598         0.25   -0.0708458     0.249995
           0            0            0     0.270598        -0.25    0.0708458    -0.249995
           0            0            0      0.92388     0.146447     0.987916     0.146446

  -0.0428867     -0.31207     -0.31207    -0.271903    0.0712607   -0.0703197 -5.02773e-19
    0.301414     -0.31207      0.31207    -0.403661    0.0981078   -0.0968121 -8.34698e-19
           0    -0.243457    -0.182806    -0.224925    0.0458308   -0.0452254 -5.66631e-19
           0            0            0            0     0.520598     0.169875     0.520594
           0            0            0            0    0.0205981     0.233875    0.0205928
           0            0            0            0    -0.853553     0.109254    -0.853556

   0.0301856    0.0896353    0.0896353    0.0712607     0.106611    -0.105203  1.46239e-17
  -0.0399692    0.0896353   -0.0896353    0.0981078   -0.0838167    0.0827098  1.33139e-18
           0    0.0496069   0.00691805    0.0458308    0.0136562   -0.0134757 -2.55882e-17
           0            0            0            0            0    -0.293243 -5.74623e-06
           0            0            0            0            0    -0.221465  4.51762e-06
           0            0            0            0            0     0.930033 -7.36045e-07

 -0.0297869  -0.0884517  -0.0884517  -0.0703197   -0.105203  -0.0739385 4.48869e-18
  0.0394411  -0.0884517   0.0884517  -0.0968121   0.0827098   -0.101794 6.14247e-18
          0  -0.0489516 -0.00682654  -0.0452254  -0.0134757  -0.0475528 2.65787e-18
          0           0           0           0           0           0    0.293239
          0           0           0           0           0           0    0.221459
          0           0           0           0           0           0   -0.930036

  1.9082e-17  7.35981e-18  7.35981e-18 -5.02773e-19  1.46239e-17  4.48869e-18  1.46238e-17
 1.99493e-17  7.35981e-18 -7.35981e-18 -8.34698e-19  1.33139e-18  6.14247e-18  1.33123e-18
          -0 -6.13317e-19 -2.75993e-17 -5.66631e-19 -2.55882e-17  2.65787e-18 -2.55883e-17
           0            0            0            0            0            0            0
           0            0            0            0            0            0            0
           0            0            0            0            0            0            0


GRAVITY TORQUE VECTOR:
-1.3931e-15
   -38.0302
   -3.83494
   -9.68486
    1.98546
  -0.680151
 -0.0179821


JOINT SPACE INERTIA MATRIX:
     3.29412    -0.112197    -0.550687    -0.434673    0.0326379  -0.00850721  -0.00188837
   -0.112197      2.41396     0.169527     0.843694    -0.173169    0.0641313   0.00185114
   -0.550687     0.169527     0.179152    0.0954199   0.00364595 -0.000266755  0.000695474
   -0.434673     0.843694    0.0954199     0.467185   -0.0887189    0.0346124   0.00133142
   0.0326379    -0.173169   0.00364595   -0.0887189    0.0283864  -0.00730105  8.87468e-05
 -0.00850721    0.0641313 -0.000266755    0.0346124  -0.00730105   0.00800798  0.000233788
 -0.00188837   0.00185114  0.000695474   0.00133142  8.87468e-05  0.000233788  0.000384026


CORIOLIS VECTOR:
    0.614848
    0.209424
  -0.0818415
  -0.0453621
  -0.0120146
  0.00760282
-0.000382287