FK: 0
1 0 0 0
0 1 0 0
0 0 1 0
0 0 0 1

FK: 1
 0.900969 -0.433884         0         0
 0.433884  0.900969         0         0
        0         0         1      0.08
        0         0         0         1

FK: 2
-0.278415 -0.856872 -0.433884 0.0512843
-0.134077 -0.412648  0.900969  0.080193
-0.951057  0.309017         0     0.317
        0         0         0         1

FK: 3
-0.480273 -0.187371  0.856872  0.109418
 0.421105  0.807708  0.412648  0.266352
-0.769421  0.559017 -0.309017  0.273738
        0         0         0         1

FK: 4
-0.721555 -0.666522 -0.187371  0.340074
  0.27298  -0.52258  0.807708  0.339717
-0.636271  0.531657  0.559017  0.169914
        0         0         0         1

FK: 5
-0.738333  0.103018  0.666522  0.447092
 0.561297   0.64176   0.52258  0.302864
-0.373911  0.759955 -0.531657 0.0327417
        0         0         0         1

FK: 6
 -0.738333  -0.666522   0.103018   0.633579
  0.561297   -0.52258    0.64176   0.466468
 -0.373911   0.531657   0.759955 -0.0899053
         0          0          0          1

FK: 7
   0.68284  -0.299142   0.666516   0.717744
  -0.71413  -0.465751   0.522584   0.591529
  0.154103  -0.832821   -0.53166 -0.0683643
         0          0          0          1

FK: 8
 -0.299142   -0.68284   0.666516   0.734074
 -0.465751    0.71413   0.522584   0.604333
 -0.832821  -0.154104   -0.53166 -0.0813899
         0          0          0          1


COM TRANSLATION:
0.0171937 0.0204547   0.22363
0.0349734  0.175029  0.311649
 0.22868 0.310241 0.223524
0.378045 0.285115 0.110994
  0.538575   0.376313 -0.0326051
  0.652732   0.531324 -0.0467171
  0.711867   0.584947 -0.0728791


JACOBIAN:
   -0.604333    -0.358937   -0.0421008    -0.350905     0.100635    -0.099306  2.68882e-17
    0.734074    -0.172855      0.11127     0.173165   -0.0765046    0.0754943  1.56125e-17
           0    -0.842588    0.0318434    -0.367818    0.0509643    -0.050291   5.0307e-17
           0    -0.433884     0.856872    -0.187371     0.666522     0.103018     0.666516
           0     0.900969     0.412648     0.807708      0.52258      0.64176     0.522584
           1 -5.55112e-17    -0.309017     0.559017    -0.531657     0.759955     -0.53166


COM JACOBIAN:
-0.0204547          0          0          0          0          0          0
 0.0171937          0          0          0          0          0          0
         0          0          0          0          0          0          0
         0          0          0          0          0          0          0
         0          0          0          0          0          0          0
         1          0          0          0          0          0          0

   -0.175029  -0.00482121            0            0            0            0            0
   0.0349734  -0.00232177            0            0            0            0            0
           0   -0.0264521            0            0            0            0            0
           0    -0.433884            0            0            0            0            0
           0     0.900969            0            0            0            0            0
           1 -5.55112e-17            0            0            0            0            0

   -0.310241   -0.0842194  -0.00715818            0            0            0            0
     0.22868   -0.0405579   0.00617309            0            0            0            0
           0    -0.259642   -0.0116056            0            0            0            0
           0    -0.433884     0.856872            0            0            0            0
           0     0.900969     0.412648            0            0            0            0
           1 -5.55112e-17    -0.309017            0            0            0            0

   -0.285115    -0.185605   -0.0613576   -0.0170674            0            0            0
    0.378045   -0.0893826    0.0564401    0.0101862            0            0            0
           0    -0.383314   -0.0947705   -0.0204384            0            0            0
           0    -0.433884     0.856872    -0.187371            0            0            0
           0     0.900969     0.412648     0.807708            0            0            0
           1 -5.55112e-17    -0.309017     0.559017            0            0            0

   -0.376313    -0.314983   -0.0924319    -0.184034   0.00490045            0            0
    0.538575    -0.151688      0.12988    0.0730187  -0.00508234            0            0
           0    -0.567515   -0.0828684    -0.167187   0.00114797            0            0
           0    -0.433884     0.856872    -0.187371     0.666522            0            0
           0     0.900969     0.412648     0.807708      0.52258            0            0
           1 -5.55112e-17    -0.309017     0.559017    -0.531657            0            0

   -0.531324    -0.327698   -0.0503541    -0.282087    0.0799386   -0.0215709            0
    0.652732    -0.157811     0.106695     0.134191    -0.056369    0.0101064            0
           0    -0.737624   0.00284968    -0.288438    0.0448099   -0.0056104            0
           0    -0.433884     0.856872    -0.187371     0.666522     0.103018            0
           0     0.900969     0.412648     0.807708      0.52258      0.64176            0
           1 -5.55112e-17    -0.309017     0.559017    -0.531657     0.759955            0

   -0.584947    -0.351269   -0.0445794    -0.333194    0.0947759   -0.0791118  -0.00585895
    0.711867    -0.169162     0.110839     0.162346    -0.070371    0.0577415   0.00613371
           0    -0.814169    0.0243958    -0.346249     0.049648   -0.0380368  -0.00131607
           0    -0.433884     0.856872    -0.187371     0.666522     0.103018     0.666516
           0     0.900969     0.412648     0.807708      0.52258      0.64176     0.522584
           1 -5.55112e-17    -0.309017     0.559017    -0.531657     0.759955     -0.53166


PARTIAL JACOBIAN:
   -0.734074     0.172855     -0.11127    -0.173165    0.0765046   -0.0754943 -1.56125e-17
   -0.604333    -0.358937   -0.0421008    -0.350905     0.100635    -0.099306  2.77556e-17
           0            0            0            0           -0            0            0
           0    -0.900969    -0.412648    -0.807708     -0.52258     -0.64176    -0.522584
           0    -0.433884     0.856872    -0.187371     0.666522     0.103018     0.666516
           0            0            0            0            0            0            0

    0.172855    -0.759145    0.0286899    -0.331393    0.0459172   -0.0453106   4.5325e-17
   -0.358937    -0.365585    0.0138163     -0.15959    0.0221126   -0.0218204  2.18274e-17
           0      0.39839   -0.0103465     0.241021   -0.0574748    0.0567158 -3.17809e-17
           0            0    -0.278415     0.503657    -0.479006     0.684696    -0.479009
           0            0    -0.134077     0.242548    -0.230677     0.329732    -0.230678
           0            0    -0.951057    -0.181636    -0.827254    -0.371266    -0.827251

    -0.11127    0.0286899    0.0475243   -0.0982683  -0.00261093   0.00257655  2.55836e-17
  -0.0421008    0.0138163   -0.0142758     0.423609   -0.0747677    0.0737802 -5.16836e-17
           0   -0.0103465     0.112717     0.293181    -0.107081     0.105667  1.92465e-18
           0            0            0     0.480273   -0.0579009     0.511909   -0.0579008
           0            0            0    -0.421105     0.249595    -0.683019     0.249599
           0            0            0     0.769421     0.172746     0.507396     0.172752

   -0.173165    -0.331393   -0.0982683    -0.393892    0.0839316    -0.082823  3.19057e-17
   -0.350905     -0.15959     0.423609    -0.265081    0.0658058   -0.0649368  2.49419e-17
           0     0.241021     0.293181     0.250983   -0.0669488    0.0660647 -2.53437e-17
           0            0            0            0    -0.721555     0.255067    -0.721559
           0            0            0            0      0.27298     0.199983     0.272976
           0            0            0            0    -0.636271    -0.203456    -0.636268

   0.0765046    0.0459172  -0.00261093    0.0839316   -0.0140413     0.013856  3.45899e-17
    0.100635    0.0221126   -0.0747677    0.0658058    -0.087472    0.0863167 -4.82871e-17
          -0   -0.0574748    -0.107081   -0.0669488    -0.103582     0.102214 -4.09844e-18
           0            0            0            0            0     0.738333  7.56816e-07
           0            0            0            0            0    -0.561297  4.71463e-06
           0            0            0            0            0     0.373911  5.58294e-06

 -0.0754943  -0.0453106  0.00257655   -0.082823    0.013856   -0.089647 2.04202e-17
  -0.099306  -0.0218204   0.0737802  -0.0649368   0.0863167  -0.0702871 1.59104e-17
          0   0.0567158    0.105667   0.0660647    0.102214   0.0715079 -1.6204e-17
          0           0           0           0           0           0   -0.738338
          0           0           0           0           0           0    0.561293
          0           0           0           0           0           0   -0.373908

-1.56125e-17   4.5325e-17  2.55836e-17  3.19057e-17  3.45899e-17  2.04202e-17  3.45902e-17
 2.77556e-17  2.18274e-17 -5.16836e-17  2.49419e-17 -4.82871e-17  1.59104e-17 -4.82869e-17
           0 -3.17809e-17  1.92465e-18 -2.53437e-17 -4.09844e-18  -1.6204e-17 -4.09864e-18
           0            0            0            0            0            0            0
           0            0            0            0            0            0            0
           0            0            0            0            0            0            0


GRAVITY TORQUE VECTOR:
5.02537e-15
   -35.1864
   -3.31476
   -7.86903
   0.859728
  -0.208835
-0.00425019


JOINT SPACE INERTIA MATRIX:
    2.92779    0.260304    0.402268    0.629494   -0.164513   0.0589187  0.00238134
   0.260304     2.49941    0.157436    0.769163  -0.0985583   0.0332316 0.000756833
   0.402268    0.157436    0.119782    0.103971  -0.0156717  0.00780774 0.000642904
   0.629494    0.769163    0.103971    0.468141  -0.0866371   0.0334228  0.00112735
  -0.164513  -0.0985583  -0.0156717  -0.0866371   0.0282357 -0.00724095 1.33651e-05
  0.0589187   0.0332316  0.00780774   0.0334228 -0.00724095  0.00796951 0.000293891
 0.00238134 0.000756833 0.000642904  0.00112735 1.33651e-05 0.000293891 0.000384026


CORIOLIS VECTOR:
  -0.0558613
   0.0585625
  -0.0421307
-0.000410737
 -0.00286867
  0.00358569
 -2.8276e-05