q << -M_PI /3, M_PI / 8, 0, M_PI / 10, M_PI / 8, 0, M_PI / 7;
qdot << -M_PI / 10, -M_PI / 10, -M_PI / 10, -M_PI / 10, -M_PI / -10, -M_PI / -10, -M_PI / 10;


FK: 0
1 0 0 0
0 1 0 0
0 0 1 0
0 0 0 1

FK: 1
      0.5  0.866025         0         0
-0.866025       0.5         0         0
        0         0         1      0.08
        0         0         0         1

FK: 2
  -0.191342    -0.46194    0.866025   0.0838013
   0.331414    0.800103         0.5  -0.0451481
   -0.92388    0.382683 1.11022e-16       0.317
          0           0           0           1

FK: 3
  -0.191342    0.866025     0.46194    0.271881
   0.331414         0.5   -0.800103  -0.0859125
   -0.92388 1.87378e-12   -0.382683    0.263424
          0           0           0           1

FK: 4
  -0.324724   -0.380203    0.866025    0.355613
   0.562439    0.658531         0.5   -0.314939
  -0.760406    0.649448 1.11022e-16    0.163927
          0           0           0           1

FK: 5
0.0314077   0.92437  0.380203  0.293586
 0.710967  0.246704 -0.658531 -0.460506
-0.702524  0.290995 -0.649448 0.0827456
        0         0         0         1

FK: 6
 0.0314077  -0.380203    0.92437   0.426797
  0.710967   0.658531   0.246704  -0.633954
 -0.702524   0.649448   0.290995 -0.0868318
         0          0          0          1

FK: 7
  -0.28059  -0.881314   0.380203   0.565956
 -0.751216 -0.0449209  -0.658526  -0.680414
  0.597447  -0.470391  -0.649453  -0.127629
         0          0          0          1

FK: 8
 -0.881314    0.28059   0.380203   0.575271
-0.0449212   0.751216  -0.658526  -0.696548
 -0.470391  -0.597447  -0.649453  -0.143541
         0          0          0          1


COM TRANSLATION
0.0216824 -0.0156171    0.22363
0.176902 -0.0213615    0.30959
0.321691 -0.202119  0.211596
0.29498 -0.378228  0.149337
0.35089   -0.548452 -0.00101363
0.506635  -0.626361 -0.0842798
0.556508  -0.67753 -0.128453


JACOBIAN
    0.696548     -0.23027     0.091934    -0.153734   -0.0042807   0.00422427            0
    0.575271      0.39884    0.0718914     0.266275   -0.0969048    0.0956252  6.07153e-18
           0    -0.809864   -0.0393343    -0.440312     0.095754   -0.0944893 -6.93889e-18
           0     0.866025      0.46194     0.866025     0.380203      0.92437     0.380203
           0          0.5    -0.800103          0.5    -0.658531     0.246704    -0.658526
           1 -5.55112e-17    -0.382683 -5.55112e-17    -0.649448     0.290995    -0.649453


COM JACOBIAN:
0.0156171         0         0         0         0         0         0
0.0216824         0         0         0         0         0         0
       -0         0         0         0         0         0         0
        0         0         0         0         0         0         0
        0         0         0         0         0         0         0
        1         0         0         0         0         0         0

   0.0213615  -0.00370502            0            0            0            0            0
    0.176902   0.00641729            0            0            0            0            0
          -0   -0.0259507            0            0            0            0            0
           0     0.866025            0            0            0            0            0
           0          0.5            0            0            0            0            0
           1 -5.55112e-17            0            0            0            0            0

    0.202119   -0.0527018  -0.00300276            0            0            0            0
    0.321691    0.0912821   0.00488005            0            0            0            0
          -0    -0.254886   -0.0138277            0            0            0            0
           0     0.866025      0.46194            0            0            0            0
           0          0.5    -0.800103            0            0            0            0
           1 -5.55112e-17    -0.382683            0            0            0            0

    0.378228   -0.0838313   -0.0205831  -0.00729464            0            0            0
     0.29498       0.1452    0.0438619    0.0126347            0            0            0
          -0    -0.394045    -0.116551   -0.0244935            0            0            0
           0     0.866025      0.46194     0.866025            0            0            0
           0          0.5    -0.800103          0.5            0            0            0
           1 -5.55112e-17    -0.382683 -5.55112e-17            0            0            0

    0.548452    -0.159007    0.0345714   -0.0824701   -0.0019586            0            0
     0.35089     0.275408    0.0919191     0.142842  -0.00537063            0            0
          -0    -0.569419     -0.15045    -0.199867   0.00429913            0            0
           0     0.866025      0.46194     0.866025     0.380203            0            0
           0          0.5    -0.800103          0.5    -0.658531            0            0
           1 -5.55112e-17    -0.382683 -5.55112e-17    -0.649448            0            0

    0.626361     -0.20064    0.0713786    -0.124103   0.00227726  -0.00158003            0
    0.506635     0.347519    0.0707819     0.214953   -0.0748611    0.0208736            0
          -0    -0.714762    -0.061827     -0.34521    0.0772412   -0.0126774            0
           0     0.866025      0.46194     0.866025     0.380203      0.92437            0
           0          0.5    -0.800103          0.5    -0.658531     0.246704            0
           1 -5.55112e-17    -0.382683 -5.55112e-17    -0.649448     0.290995            0

     0.67753    -0.222726      0.08714     -0.14619  -0.00186523   0.00241231   0.00241565
    0.556508     0.385773    0.0721016     0.253208   -0.0904562    0.0762185   0.00644865
          -0    -0.784012   -0.0455607     -0.41446    0.0906293   -0.0722805  -0.00512457
           0     0.866025      0.46194     0.866025     0.380203      0.92437     0.380203
           0          0.5    -0.800103          0.5    -0.658531     0.246704    -0.658526
           1 -5.55112e-17    -0.382683 -5.55112e-17    -0.649448     0.290995    -0.649453


PARTIAL JACOBIAN:
   -0.575271     -0.39884   -0.0718914    -0.266275    0.0969048   -0.0956252 -6.07153e-18
    0.696548     -0.23027     0.091934    -0.153734   -0.0042807   0.00422427            0
           0            0            0            0            0            0            0
           0         -0.5     0.800103         -0.5     0.658531    -0.246704     0.658526
           0     0.866025      0.46194     0.866025     0.380203      0.92437     0.380203
           0            0           -0            0           -0            0           -0

    -0.39884    -0.404932   -0.0196672    -0.220156     0.047877   -0.0472446 -3.46945e-18
    -0.23027     0.701363    0.0340645     0.381321   -0.0829254    0.0818301  6.00926e-18
           0     0.460541    0.0162928     0.307468   -0.0817816    0.0807017   5.2581e-18
           0            0    -0.191342 -9.05033e-29    -0.324724     0.145497    -0.324727
           0            0     0.331414  1.56755e-28     0.562439    -0.252009     0.562443
           0            0     -0.92388            0    -0.760406    -0.248533    -0.760402

 -0.0718914  -0.0196672   0.0589832    0.454194   -0.113697    0.112195 7.87531e-18
   0.091934   0.0340645  -0.0170115    0.262229  -0.0425944   0.0420318 3.20535e-18
          0   0.0162928    0.106766 1.50549e-12  -0.0481892   0.0475529 2.80468e-18
          0           0           0    0.191342    0.267617   -0.138416    0.267623
          0           0           0   -0.331414    0.154508   -0.488163    0.154511
          0           0           0     0.92388 8.00471e-13    0.853553 2.59735e-06

   -0.266275    -0.220156     0.454194    -0.220156     0.047877   -0.0472446 -3.46945e-18
   -0.153734     0.381321     0.262229     0.381321   -0.0829254    0.0818301  6.00926e-18
           0     0.307468  1.50549e-12     0.307468   -0.0817816    0.0807017   5.2581e-18
           0            0            0            0    -0.324724     0.145497    -0.324727
           0            0            0            0     0.562439    -0.252009     0.562443
           0            0            0            0    -0.760406    -0.248533    -0.760402

  0.0969048    0.047877   -0.113697    0.047877   -0.125992    0.124328 8.51262e-18
 -0.0042807  -0.0829254  -0.0425944  -0.0829254  -0.0336259   0.0331817 2.63819e-18
          0  -0.0817816  -0.0481892  -0.0817816  -0.0396625   0.0391388 2.30841e-18
          0           0           0           0           0  -0.0314077  6.7908e-06
          0           0           0           0           0   -0.710967 1.81239e-06
          0           0           0           0           0    0.702524 2.13777e-06

  -0.0956252   -0.0472446     0.112195   -0.0472446     0.124328   -0.0511373 -3.47864e-18
  0.00422427    0.0818301    0.0420318    0.0818301    0.0331817    0.0885723   6.4141e-18
           0    0.0807017    0.0475529    0.0807017    0.0391388    0.0873509  5.61234e-18
           0            0            0            0            0            0    0.0314049
           0            0            0            0            0            0     0.710972
           0            0            0            0            0            0    -0.702519

-6.07153e-18 -3.46945e-18  7.87531e-18 -3.46945e-18  8.51262e-18 -3.47864e-18  8.51262e-18
           0  6.00926e-18  3.20535e-18  6.00926e-18  2.63819e-18   6.4141e-18  2.63819e-18
           0   5.2581e-18  2.80468e-18   5.2581e-18  2.30841e-18  5.61234e-18  2.30842e-18
           0            0            0            0            0            0            0
           0            0            0            0            0            0            0
           0            0            0            0            0            0            0


GRAVITY TORQUE VECTOR
-1.07353e-15
-34.92
-5.84463
-9.41637
1.52361
-0.427748
-0.0165495


JOINT SPACE INERTIA MATRIX
    2.80309    0.174714    0.229018   0.0703007  -0.0797299   0.0296614  0.00149029
   0.174714     2.45426    0.355356    0.930684   -0.164338   0.0573144  0.00197134
   0.229018    0.355356    0.119782    0.103971  -0.0156717  0.00780774 0.000642904
  0.0703007    0.930684    0.103971    0.468141  -0.0866371   0.0334228  0.00112735
 -0.0797299   -0.164338  -0.0156717  -0.0866371   0.0282357 -0.00724095 1.33651e-05
  0.0296614   0.0573144  0.00780774   0.0334228 -0.00724095  0.00796951 0.000293891
 0.00149029  0.00197134 0.000642904  0.00112735 1.33651e-05 0.000293891 0.000384026


CORIOLIS VECTOR
 -0.0617453
  0.0746183
 -0.0150712
  0.0702407
 -0.0140427
 0.00775138
6.13822e-05